76561198306268900
76561199296326000
76561199258492300
76561199174951200
76561198216722100
76561199560790100
76561199556657700
76561199401424100
76561199167351500
76561198842034100
76561199150296000
76561199329469700
76561199382046200
76561198287801500
76561198331032700
76561199436403800
76561199470541600
76561198979992200
76561199245890000
76561198829254000
76561198152111200
76561199095698800
76561198859112600
76561199481310500
76561199405861400
76561199480394800
76561199345914400
76561199036892700
76561199635295400
76561199101328500
76561198454191300
76561199131740300
76561198395920800
76561198366582900
76561199038947900
76561199040861100
76561199510277500
76561199481865300
76561198401008300
76561199105325300
76561199212335200
76561199508181600
76561199311882300
76561199538294000
76561198354997300
76561199402740100
76561199343325800
76561199177788900
76561199313326700
76561198432824900
76561198262220500
76561198845001700
76561199559621400
76561199588930100
76561199510259900
76561199620950400
76561198356920100
76561199618734500
76561198147087400
76561199437704900
76561199191392000
76561198848504300
76561199053976400
76561199609368200
76561199478077700
76561199557649300
76561198271176300
76561199109399300
76561199196062100
76561198134676800
76561199649993200
76561199433920000
76561199653078200
76561199621104100
76561198259731800
76561199645297100
76561199603032900
76561199644494300
76561199310454700
76561199474059900
76561199153278700
76561199474084400
76561198347936900
76561199523152800
76561199090095000
76561199042861700
76561199117081200
76561198890126500
76561198384532300
76561199009874200
76561198984708300
76561199105423700
76561199093868400
76561199485016000
76561198843408500
76561198391082300
76561198878787400
76561199652074100
76561197979628200
76561199233772900
76561199419597400
76561199474284300
76561199652014300
76561198370661200
76561199120437100
76561199510939600
76561199096538600
76561198306085800
76561199550114900
76561198274199900
76561199243499300
76561199165885300
76561199129967200
76561199014412300
76561198066154200
76561199379651600
76561198255467500
76561198192761400
76561199232553400
76561199443452300
76561199272962100
76561199036292800
76561199123747700
76561199561631000
76561199143732700
76561198272443000
76561199088887200
76561199101308500
76561198902326500
76561199570793100
76561199572178300
76561199524409200
76561199474094100
76561199119837100
76561199519035900
76561199470440900
76561198817768200
76561199647569200
76561199652228700
76561199650614800
76561199651128600
76561199600638000
76561199312514200
76561199185735100
76561199624342400
76561199270998200
76561199228986000
76561199225254800
76561198884386400
76561199652166800
76561199417765600
76561199036754800
76561199058454000
76561199118359000
76561199448151900
76561198861770200
76561199651961300
76561199620356500
76561198926224900
76561198802585500
76561199575349400
76561199527729500
76561199527479200
76561199438919800
76561199381792100
76561198845619200
76561199570798600
76561199162228100
76561198075844600
76561199348955100
76561199419154900
76561199169918000
76561199157663800
76561198372562200
76561198871917500
76561199218481400
76561198943859000
76561199581679600
76561199582967800
76561199199972400
76561199558300600
76561199652358300
76561198969024900
76561199447197600
76561199353337300
76561198878817700
76561198951784600
76561198387598600
76561199569639300
76561198805998000
76561198870852700
76561199313265000
76561199122232800
76561199486808100
76561199644732900
76561198996844000
76561199546753600
76561198812350600
76561199407025900
76561198873748500
76561198850133100
76561198218767100
76561199177594500
76561199009251800
76561199224912000
76561199065093000
76561198350308200
76561199228918900
76561199552494000
76561199405792700
76561199515818100
76561198991679400
76561199248500400
76561198861418500
76561199564489900
76561199229081600
76561199418198700
76561197993691600
76561199110106700
76561199502330500
76561199644864500
76561199585643800
76561198862023400
76561198166525200
76561199231708100
76561199446869400
76561199486982900
76561199554705000
76561199183810400
76561199227867400
76561199189557200
76561199166296400
76561198082960500
76561199423561800
76561198836274200
76561199632566300
76561198287997600
76561198388858200
76561199527792800
76561199345400900
76561199313180000
76561198864156100
76561199417893400
76561198370120600
76561199051163600
76561199575658600
76561199575511300
76561199447347000
76561199010365300
76561199417607700
76561198307129700
76561199126829300
76561199587958200
76561199385363200
76561198339785600
76561199232066400
76561199219751000
76561198802451800
76561199049435600
76561199010921100
76561198311336400
76561198336861900
76561199135399300
76561198105050200
76561199188691200
76561198077254500
76561199159441300
76561199180530400
76561199012567900
76561199153706500
76561198364160100
76561198799072500
76561199178681500
76561198973703800
76561199117453000
76561198177304900
76561199105338900
76561198402563200
76561198286287600
76561199146467200
76561198226258200
76561199204724700
76561198323541400
76561198137348700
76561198080423400
76561199071503100
76561198408064300
76561198401444400
76561198994800000
76561199154975700
76561198888416300
76561198392205100
76561197965974000
76561199120985200
76561198440359400
76561198206433700
76561199114406800
76561198171854800
76561198856398800
76561199243412000
76561198439861800
76561198872423200
76561199045175400
76561199059828900
76561199417752300
76561198170276200
76561198847142200
76561198870214500
76561198355592600
76561198179950000
76561199064164300
76561199247538900
76561199042842800
76561198989785700
76561198887053100
76561199026076500
76561198876432000
76561198001857900
76561199180776100
76561198211432900
76561199162678200
76561198363966000
76561199208120200
76561198982410800
76561199132381900
76561199003268200
76561199184697600
76561199234641700
76561199240778600
76561198939120100
76561199127091300
76561199048154600
76561198103443700
76561199227092600
76561198280175900
76561198346561400
76561199244974400
76561198972877100
76561199129084300
76561199217314500
76561198440446900
76561198836086700
76561198973779000
76561199223870300
76561198443890100
76561199225092000
76561198265184800
76561199029694900
76561199153980100
76561199094187300
76561199231206800
76561199230459100
76561199438287000
76561199128904500
76561199208386900
76561199161407600
76561198996453200
76561198256236800
76561198402691400
76561198831857800
76561198246986300
76561199225631000
76561198853537800
76561199160154000
76561198850941400
76561199219940500
76561198996477600
76561198310523000
76561198812437800
76561198431187600
76561199063192500
76561198370835900
76561199125784400
76561199178478900
76561199204425800
76561199098208600
76561199275023000
76561199105470500
76561199244209700
76561199021525400
76561199183546800
76561198401248200
76561198434294400
76561198329014300
76561199078031200
76561199362571000
76561199100372600
76561199228709000
76561198979715800
76561198117817400
76561199226801700
76561199184572300
76561199053178000
76561198999815800
76561199131329600
76561198396396500
76561198080648200
76561198402403500
76561199160788000
76561198847055400
76561199275983900
76561198392774200
76561199181662900
76561198886881600
76561199127245800
76561198401510500
76561199153597800
76561199289618500
76561199241970600
76561198965762600
76561199005364400
76561198238270200
76561198276231900
76561198967074000
76561199090082300
76561199368073800
76561199076004900
76561198204428400
76561198867531500
76561199235357000
76561199194981700
76561198848560500
76561199174711800
76561198012661900
76561198168714300
76561199227141400
76561199369360000
76561199107426100
76561199109396400
76561198439909000
76561198959539700
76561198910387500
76561198849145400
76561199192593900
76561198979099800
76561199310176600
76561199038691000
76561199175214600
76561199129468100
76561198402473900
76561198399221000
76561198423055900
76561198364624200
76561199198287600
76561199264486900
76561198879889000
76561198981469500
76561199362539400
76561198105077300
76561198985577900
76561199337292300
76561198001795100
76561198218366800
76561198293676000
76561198857946600
76561198057168100
76561198399579200
76561199216608100
76561199194965700
76561199140835000
76561198849390600
76561198814008300
76561199473831400
76561199199425300
76561198079745600
76561199028614300
76561199310059700
76561199240679000
76561198959363500
76561199101402100
76561199061993300
76561198449064800
76561198838598400
76561199001426400
76561199189797200
76561199475248100
76561199003618400
76561198209730200
76561198972997700
76561198141249700
76561199350547200
76561198139992300
76561199437999300
76561199004829600
76561199014352000
76561198164298200
76561198999164500
76561198240790600
76561199039860100
76561198864536200
76561198278957500
76561199470737900
76561198078166000
76561198910455000
76561198341615600
76561198801669900
76561199322844800
76561198411693300
76561199281455000
76561198804771700
76561199351047800
76561199471406800
76561199024973000
76561198109690800
76561199293797600
76561199136448500
76561198081147200
76561198872736900
76561199337159200
76561199078433500
76561199280607200
76561199478828700
76561199191513800
76561198397075500
76561198833955000
76561199207259800
76561199369294900
76561199223419000
76561199151875500
76561199270002000
76561199038238800
76561198355735600
76561199109589100
76561199033754200
76561199272236700
76561199025327200
76561199011870200
76561198076642500
76561198323327900
76561198273416600
76561198288443600
76561199347394400
76561199140260600
76561199061842400
76561199006828000
76561199232197700
76561198290347600
76561199016566100
76561199278538600
76561198860784700
76561199401791400
76561199179007300
76561199243853200
76561199128494500
76561198385400000
76561198889048600
76561198104295500
76561198973255900
76561199068932000
76561199492981800
76561198338325100
76561199077433200
76561199467787300
76561198028342500
76561199195839100
76561198947205900
76561199123325900
76561198981281300
76561199268635900
76561199019734400
76561198992358300
76561199109598000
76561199378382100
76561199228277400
76561198389874800
76561199341336200
76561198243283200
76561198083218700
76561198815113500
76561199127683500
76561198245805200
76561199065372600
76561199009415100
76561198104581500
76561199070938700
76561199203521400
76561198033333000
76561199428457600
76561199547936700
76561199062969600
76561198137983100
76561198906711400
76561199182030900
76561199225727700
76561199474733700
76561198860188800
76561198318525900
76561198958938400
76561198189734800
76561198332296500
76561199009406200
76561198314379000
76561198112509700
76561198262239100
76561198178166800
76561199172648900
76561198090532100
76561199023179100
76561199447493400
76561199277690300
76561199330804200
76561199190619300
76561199086961800
76561199546168000
76561198958598000
76561199446177000
76561198138077700
76561199139669600
76561199473934900
76561198980130600
76561199177182500
76561198262156700
76561198019339800
76561198443180800
76561199004771000
76561199196397400
76561198876512800
76561199041236700
76561198141002100
76561198195463600
76561198804840900
76561199215340900
76561198264192200
76561198960221000
76561198955161600
76561198346739000
76561198130702200
76561198392495300
76561199382080500
76561198182095600
76561198183574200
76561198320025400
76561199095328500
76561199388890100
76561198170421900
76561199055236500
76561199027962400
76561199077918700
76561199152602000
76561198389844000
76561199506816000
76561198973798200
76561198114332500
76561198859367500
76561199273250700
76561199197376900
76561199027403800
76561199390727100
76561199056303700
76561198960173400
76561199514766500
76561198404644700
76561199483511700
76561198119134500
76561199159405300
76561199562688100
76561199442006500
76561199040137500
76561199476130800
76561199526147500
